AGDWSRAAGANAMAGARAABA
 0.885246  0.032787  0.081967  0.000000 
 0.163934  0.180328  0.540984  0.114754 
 0.278689  0.131148  0.295082  0.295082 
 0.344262  0.131148  0.081967  0.442623 
 0.196721  0.213115  0.409836  0.180328 
 0.508197  0.000000  0.409836  0.081967 
 0.950820  0.000000  0.000000  0.049180 
 0.196721  0.147541  0.557377  0.098361 
 0.868852  0.000000  0.000000  0.131148 
 0.311475  0.229508  0.180328  0.278689 
 0.672131  0.147541  0.016393  0.163934 
 0.426230  0.459016  0.032787  0.081967 
 0.770492  0.000000  0.000000  0.229508 
 0.295082  0.000000  0.606557  0.098361 
 0.491803  0.131148  0.147541  0.229508 
 0.377049  0.049180  0.508197  0.065574 
 0.737705  0.000000  0.147541  0.114754 
 0.803279  0.065574  0.081967  0.049180 
 0.000000  0.262295  0.442623  0.295082 
 0.786885  0.098361  0.000000  0.114754 
