WTTKWWTTTWKTNWTTTKTAW
 0.384146  0.000000  0.000000  0.615854 
 0.250000  0.085366  0.000000  0.664634 
 0.250000  0.000000  0.030488  0.719512 
 0.079268  0.073171  0.341463  0.506098 
 0.310976  0.000000  0.121951  0.567073 
 0.280488  0.073171  0.158537  0.487805 
 0.243902  0.054878  0.109756  0.591463 
 0.201220  0.103659  0.000000  0.695122 
 0.219512  0.146341  0.128049  0.506098 
 0.335366  0.000000  0.000000  0.664634 
 0.195122  0.060976  0.335366  0.408537 
 0.225610  0.000000  0.000000  0.774390 
 0.304878  0.152439  0.243902  0.298780 
 0.317073  0.164634  0.109756  0.408537 
 0.176829  0.036585  0.000000  0.786585 
 0.048780  0.000000  0.000000  0.951220 
 0.170732  0.036585  0.109756  0.682927 
 0.079268  0.042683  0.384146  0.493902 
 0.304878  0.012195  0.006098  0.676829 
 0.524390  0.097561  0.219512  0.158537 
 0.426829  0.115854  0.036585  0.420732 
