TKTAWAVWAAAAAWAAAAAWA
 0.272727  0.018182  0.000000  0.709091 
 0.018182  0.236364  0.254545  0.490909 
 0.218182  0.000000  0.054545  0.727273 
 0.563636  0.272727  0.054545  0.109091 
 0.563636  0.000000  0.018182  0.418182 
 0.663636  0.000000  0.090909  0.245455 
 0.354545  0.218182  0.300000  0.127273 
 0.454545  0.036364  0.127273  0.381818 
 0.827273  0.045455  0.000000  0.127273 
 0.754545  0.200000  0.000000  0.045455 
 0.772727  0.018182  0.000000  0.209091 
 0.836364  0.000000  0.027273  0.136364 
 0.618182  0.109091  0.181818  0.090909 
 0.554545  0.018182  0.036364  0.390909 
 0.718182  0.027273  0.154545  0.100000 
 0.481818  0.172727  0.127273  0.218182 
 0.772727  0.127273  0.036364  0.063636 
 0.781818  0.000000  0.045455  0.172727 
 0.754545  0.000000  0.072727  0.172727 
 0.600000  0.090909  0.000000  0.309091 
 0.690909  0.090909  0.000000  0.218182 
