SMGSSNSGVSSNSSMGSNSSHSSBSSNSSMSSNSSBSSDSS
 0.000000  0.653543  0.346457  0.000000 
 0.299213  0.405512  0.165354  0.129921 
 0.149606  0.192913  0.452756  0.204724 
 0.035433  0.590551  0.326772  0.047244 
 0.129921  0.358268  0.377953  0.133858 
 0.196850  0.358268  0.240157  0.204724 
 0.035433  0.425197  0.444882  0.094488 
 0.106299  0.220472  0.582677  0.090551 
 0.283465  0.318898  0.322835  0.074803 
 0.000000  0.618110  0.311024  0.070866 
 0.181102  0.492126  0.248031  0.078740 
 0.145669  0.275591  0.291339  0.287402 
 0.118110  0.295276  0.515748  0.070866 
 0.082677  0.437008  0.468504  0.011811 
 0.448819  0.228346  0.200787  0.122047 
 0.007874  0.311024  0.681102  0.000000 
 0.133858  0.377953  0.413386  0.074803 
 0.192913  0.279528  0.322835  0.204724 
 0.031496  0.476378  0.440945  0.051181 
 0.137795  0.275591  0.417323  0.169291 
 0.299213  0.346457  0.082677  0.271654 
 0.062992  0.421260  0.472441  0.043307 
 0.204724  0.460630  0.248031  0.086614 
 0.070866  0.330709  0.366142  0.232283 
 0.039370  0.578740  0.342520  0.039370 
 0.185039  0.452756  0.232283  0.129921 
 0.153543  0.283465  0.287402  0.275591 
 0.011811  0.370079  0.547244  0.070866 
 0.157480  0.377953  0.409449  0.055118 
 0.251969  0.429134  0.129921  0.188976 
 0.094488  0.480315  0.314961  0.110236 
 0.094488  0.531496  0.291339  0.082677 
 0.291339  0.240157  0.208661  0.259843 
 0.027559  0.437008  0.468504  0.066929 
 0.086614  0.456693  0.377953  0.078740 
 0.157480  0.208661  0.311024  0.322835 
 0.015748  0.440945  0.500000  0.043307 
 0.149606  0.425197  0.374016  0.051181 
 0.279528  0.145669  0.314961  0.259843 
 0.000000  0.476378  0.519685  0.003937 
 0.082677  0.330709  0.409449  0.177165 
