KYCYYCCWCCTCHGYCTCCHG
 0.000000  0.094595  0.405405  0.500000 
 0.000000  0.581081  0.054054  0.364865 
 0.027027  0.797297  0.000000  0.175676 
 0.054054  0.378378  0.094595  0.472973 
 0.067568  0.513514  0.067568  0.351351 
 0.000000  0.756757  0.000000  0.243243 
 0.094595  0.540541  0.135135  0.229730 
 0.283784  0.000000  0.189189  0.527027 
 0.000000  0.918919  0.081081  0.000000 
 0.040541  0.716216  0.000000  0.243243 
 0.040541  0.310811  0.013514  0.635135 
 0.000000  0.837838  0.081081  0.081081 
 0.378378  0.229730  0.000000  0.391892 
 0.108108  0.283784  0.608108  0.000000 
 0.148649  0.513514  0.081081  0.256757 
 0.000000  0.797297  0.000000  0.202703 
 0.000000  0.027027  0.202703  0.770270 
 0.000000  0.783784  0.216216  0.000000 
 0.000000  0.770270  0.054054  0.175676 
 0.216216  0.270270  0.081081  0.432432 
 0.175676  0.202703  0.621622  0.000000 
