SVRGCWGMDGVAGVAGGAGSWGRAGVRGG
 0.058824  0.329412  0.588235  0.023529 
 0.329412  0.411765  0.247059  0.011765 
 0.517647  0.082353  0.317647  0.082353 
 0.070588  0.235294  0.576471  0.117647 
 0.211765  0.682353  0.094118  0.011765 
 0.400000  0.152941  0.000000  0.447059 
 0.058824  0.258824  0.635294  0.047059 
 0.423529  0.423529  0.152941  0.000000 
 0.352941  0.141176  0.247059  0.258824 
 0.105882  0.282353  0.611765  0.000000 
 0.270588  0.352941  0.352941  0.023529 
 0.847059  0.000000  0.152941  0.000000 
 0.247059  0.000000  0.576471  0.176471 
 0.282353  0.447059  0.270588  0.000000 
 0.564706  0.105882  0.129412  0.200000 
 0.247059  0.094118  0.576471  0.082353 
 0.152941  0.247059  0.600000  0.000000 
 0.576471  0.176471  0.105882  0.141176 
 0.000000  0.129412  0.752941  0.117647 
 0.152941  0.376471  0.400000  0.070588 
 0.541176  0.011765  0.152941  0.294118 
 0.000000  0.070588  0.929412  0.000000 
 0.294118  0.188235  0.517647  0.000000 
 0.776471  0.047059  0.105882  0.070588 
 0.094118  0.105882  0.682353  0.117647 
 0.329412  0.423529  0.247059  0.000000 
 0.470588  0.117647  0.305882  0.105882 
 0.082353  0.082353  0.823529  0.011765 
 0.200000  0.141176  0.588235  0.070588 
