VDBGASRHBRWSNHCADSRHCHWCAHNGMSNACWWCAWSGMSVWSVHBGD
 0.293362  0.184154  0.366167  0.156317 
 0.314775  0.154176  0.224839  0.306210 
 0.115632  0.293362  0.359743  0.231263 
 0.139186  0.220557  0.599572  0.040685 
 0.552463  0.066381  0.128480  0.252677 
 0.000000  0.501071  0.430407  0.068522 
 0.473233  0.079229  0.263383  0.184154 
 0.312634  0.269807  0.000000  0.417559 
 0.104925  0.417559  0.261242  0.216274 
 0.338330  0.184154  0.372591  0.104925 
 0.408994  0.119914  0.141328  0.329764 
 0.019272  0.466809  0.443255  0.070664 
 0.237687  0.239829  0.321199  0.201285 
 0.344754  0.282655  0.156317  0.216274 
 0.029979  0.730193  0.239829  0.000000 
 0.593148  0.059957  0.190578  0.156317 
 0.389722  0.070664  0.259101  0.280514 
 0.023555  0.511777  0.387580  0.077088 
 0.453961  0.139186  0.278373  0.128480 
 0.308351  0.209850  0.111349  0.370450 
 0.000000  0.762313  0.192719  0.044968 
 0.334047  0.226981  0.132762  0.306210 
 0.265525  0.062099  0.220557  0.451820 
 0.000000  0.603854  0.284797  0.111349 
 0.488223  0.158458  0.214133  0.139186 
 0.447537  0.278373  0.025696  0.248394 
 0.175589  0.286938  0.205567  0.331906 
 0.186296  0.235546  0.578158  0.000000 
 0.460385  0.289079  0.051392  0.199143 
 0.070664  0.464668  0.391863  0.072805 
 0.239829  0.171306  0.316916  0.271949 
 0.441113  0.158458  0.182013  0.218415 
 0.042827  0.638116  0.222698  0.096360 
 0.408994  0.190578  0.182013  0.218415 
 0.256959  0.152034  0.188437  0.402570 
 0.014989  0.638116  0.289079  0.057816 
 0.507495  0.186296  0.190578  0.115632 
 0.496788  0.081370  0.111349  0.310493 
 0.014989  0.282655  0.550321  0.152034 
 0.224839  0.192719  0.537473  0.044968 
 0.436831  0.237687  0.162741  0.162741 
 0.100642  0.434690  0.396146  0.068522 
 0.286938  0.329764  0.383298  0.000000 
 0.464668  0.102784  0.055675  0.376874 
 0.014989  0.389722  0.543897  0.051392 
 0.340471  0.229122  0.342612  0.087794 
 0.394004  0.265525  0.077088  0.263383 
 0.139186  0.252677  0.366167  0.241970 
 0.107066  0.263383  0.601713  0.027837 
 0.406852  0.156317  0.220557  0.216274 
