WWWWTTTTWTDDWTTWWTTTTTTAAAWAW
 0.368421  0.022556  0.120301  0.488722 
 0.436090  0.030075  0.195489  0.338346 
 0.406015  0.165414  0.112782  0.315789 
 0.345865  0.090226  0.097744  0.466165 
 0.180451  0.120301  0.210526  0.488722 
 0.105263  0.000000  0.285714  0.609023 
 0.090226  0.052632  0.120301  0.736842 
 0.120301  0.172932  0.060150  0.646617 
 0.375940  0.120301  0.000000  0.503759 
 0.000000  0.105263  0.270677  0.624060 
 0.300752  0.000000  0.263158  0.436090 
 0.390977  0.090226  0.195489  0.323308 
 0.511278  0.195489  0.000000  0.293233 
 0.263158  0.000000  0.000000  0.736842 
 0.225564  0.052632  0.000000  0.721805 
 0.413534  0.112782  0.203008  0.270677 
 0.436090  0.007519  0.105263  0.451128 
 0.000000  0.090226  0.082707  0.827068 
 0.097744  0.150376  0.022556  0.729323 
 0.090226  0.060150  0.000000  0.849624 
 0.203008  0.090226  0.000000  0.706767 
 0.165414  0.045113  0.045113  0.744361 
 0.225564  0.060150  0.165414  0.548872 
 0.601504  0.112782  0.030075  0.255639 
 0.721805  0.022556  0.000000  0.255639 
 0.706767  0.030075  0.210526  0.052632 
 0.511278  0.060150  0.052632  0.375940 
 0.533835  0.007519  0.240602  0.218045 
 0.458647  0.000000  0.180451  0.360902 
