TNTGTAGMCCWGGCTGKCCTSGAACTC
 0.060606  0.242424  0.045455  0.651515 
 0.196970  0.272727  0.318182  0.212121 
 0.000000  0.030303  0.015152  0.954545 
 0.106061  0.075758  0.818182  0.000000 
 0.060606  0.015152  0.030303  0.893939 
 0.818182  0.030303  0.121212  0.030303 
 0.075758  0.030303  0.803030  0.090909 
 0.424242  0.530303  0.045455  0.000000 
 0.000000  0.878788  0.015152  0.106061 
 0.045455  0.924242  0.000000  0.030303 
 0.606061  0.000000  0.000000  0.393939 
 0.030303  0.075758  0.893939  0.000000 
 0.121212  0.030303  0.772727  0.075758 
 0.015152  0.909091  0.060606  0.015152 
 0.015152  0.000000  0.015152  0.969697 
 0.030303  0.000000  0.969697  0.000000 
 0.136364  0.015152  0.560606  0.287879 
 0.015152  0.939394  0.015152  0.030303 
 0.000000  0.984848  0.000000  0.015152 
 0.015152  0.030303  0.030303  0.924242 
 0.000000  0.318182  0.484848  0.196970 
 0.227273  0.030303  0.742424  0.000000 
 0.909091  0.000000  0.060606  0.030303 
 0.818182  0.045455  0.136364  0.000000 
 0.000000  0.984848  0.000000  0.015152 
 0.000000  0.030303  0.000000  0.969697 
 0.015152  0.757576  0.090909  0.136364 
