CCYSSSYCYSCWGCCBSCCCHSSCCYSBS
 0.064975  0.607107  0.239594  0.088325 
 0.049746  0.673096  0.175635  0.101523 
 0.188832  0.398985  0.139086  0.273096 
 0.098477  0.461929  0.349239  0.090355 
 0.085279  0.500508  0.250761  0.163452 
 0.115736  0.470051  0.273096  0.141117 
 0.101523  0.446701  0.220305  0.231472 
 0.014213  0.823350  0.159391  0.003046 
 0.201015  0.417259  0.054822  0.326904 
 0.070051  0.291371  0.469036  0.169543 
 0.004061  0.854822  0.141117  0.000000 
 0.381726  0.039594  0.106599  0.472081 
 0.009137  0.285279  0.665990  0.039594 
 0.058883  0.762437  0.120812  0.057868 
 0.124873  0.594924  0.116751  0.163452 
 0.163452  0.330964  0.193909  0.311675 
 0.052792  0.597970  0.344162  0.005076 
 0.074112  0.646701  0.182741  0.096447 
 0.151269  0.475127  0.200000  0.173604 
 0.049746  0.686294  0.170558  0.093401 
 0.342132  0.228426  0.160406  0.269036 
 0.063959  0.278173  0.463959  0.193909 
 0.052792  0.527919  0.322843  0.096447 
 0.038579  0.574619  0.245685  0.141117 
 0.114721  0.682234  0.089340  0.113706 
 0.103553  0.511675  0.119797  0.264975 
 0.095431  0.487310  0.347208  0.070051 
 0.168528  0.397970  0.214213  0.219289 
 0.016244  0.518782  0.347208  0.117766 
