AAAAAARAAAAAAAA
 0.897436  0.000000  0.102564  0.000000 
 0.974359  0.025641  0.000000  0.000000 
 0.769231  0.205128  0.000000  0.025641 
 0.846154  0.102564  0.000000  0.051282 
 0.871795  0.000000  0.128205  0.000000 
 0.717949  0.230769  0.000000  0.051282 
 0.589744  0.000000  0.333333  0.076923 
 0.846154  0.000000  0.000000  0.153846 
 0.884615  0.000000  0.115385  0.000000 
 0.769231  0.128205  0.000000  0.102564 
 0.615385  0.000000  0.102564  0.282051 
 0.756410  0.000000  0.205128  0.038462 
 0.589744  0.115385  0.153846  0.141026 
 0.871795  0.038462  0.000000  0.089744 
