DCCWCCCRTGRACAGBCRGGRTCMAGNASWGGARGAAGACARGGATCCMR
 0.200000  0.000000  0.400000  0.400000 
 0.000000  0.781818  0.163636  0.054545 
 0.218182  0.709091  0.000000  0.072727 
 0.236364  0.200000  0.109091  0.454545 
 0.200000  0.600000  0.000000  0.200000 
 0.018182  0.581818  0.200000  0.200000 
 0.000000  0.800000  0.200000  0.000000 
 0.527273  0.000000  0.472727  0.000000 
 0.181818  0.018182  0.018182  0.781818 
 0.000000  0.163636  0.836364  0.000000 
 0.400000  0.018182  0.581818  0.000000 
 0.763636  0.000000  0.236364  0.000000 
 0.000000  0.745455  0.000000  0.254545 
 0.636364  0.200000  0.163636  0.000000 
 0.200000  0.236364  0.563636  0.000000 
 0.163636  0.200000  0.345455  0.290909 
 0.072727  0.927273  0.000000  0.000000 
 0.490909  0.072727  0.381818  0.054545 
 0.236364  0.000000  0.763636  0.000000 
 0.000000  0.036364  0.963636  0.000000 
 0.400000  0.000000  0.600000  0.000000 
 0.072727  0.254545  0.000000  0.672727 
 0.000000  1.000000  0.000000  0.000000 
 0.400000  0.600000  0.000000  0.000000 
 0.018182  0.000000  0.981818  0.000000 
 0.200000  0.345455  0.236364  0.218182 
 0.800000  0.090909  0.109091  0.000000 
 0.000000  0.545455  0.454545  0.000000 
 0.581818  0.000000  0.000000  0.418182 
 0.272727  0.000000  0.727273  0.000000 
 0.000000  0.181818  0.800000  0.018182 
 0.763636  0.218182  0.000000  0.018182 
 0.400000  0.036364  0.563636  0.000000 
 0.200000  0.000000  0.781818  0.018182 
 0.545455  0.200000  0.254545  0.000000 
 0.872727  0.127273  0.000000  0.000000 
 0.090909  0.018182  0.890909  0.000000 
 0.618182  0.200000  0.181818  0.000000 
 0.072727  0.890909  0.018182  0.018182 
 0.909091  0.054545  0.036364  0.000000 
 0.400000  0.054545  0.400000  0.145455 
 0.218182  0.000000  0.781818  0.000000 
 0.000000  0.200000  0.800000  0.000000 
 0.872727  0.000000  0.072727  0.054545 
 0.018182  0.163636  0.000000  0.818182 
 0.054545  0.763636  0.181818  0.000000 
 0.036364  0.781818  0.018182  0.163636 
 0.381818  0.545455  0.036364  0.036364 
 0.600000  0.000000  0.400000  0.000000 
