SRGCVGCAGCAGCAGCGSCASCARSAGYM
 0.125000  0.479167  0.395833  0.000000 
 0.375000  0.041667  0.562500  0.020833 
 0.000000  0.062500  0.916667  0.020833 
 0.000000  0.854167  0.083333  0.062500 
 0.416667  0.229167  0.291667  0.062500 
 0.000000  0.291667  0.708333  0.000000 
 0.020833  0.979167  0.000000  0.000000 
 0.687500  0.000000  0.312500  0.000000 
 0.083333  0.000000  0.687500  0.229167 
 0.000000  1.000000  0.000000  0.000000 
 0.666667  0.000000  0.291667  0.041667 
 0.041667  0.000000  0.958333  0.000000 
 0.000000  0.979167  0.000000  0.020833 
 0.645833  0.041667  0.312500  0.000000 
 0.000000  0.020833  0.979167  0.000000 
 0.270833  0.708333  0.000000  0.020833 
 0.312500  0.041667  0.645833  0.000000 
 0.000000  0.354167  0.645833  0.000000 
 0.062500  0.895833  0.041667  0.000000 
 0.666667  0.062500  0.208333  0.062500 
 0.145833  0.416667  0.437500  0.000000 
 0.062500  0.833333  0.104167  0.000000 
 0.625000  0.104167  0.187500  0.083333 
 0.500000  0.041667  0.437500  0.020833 
 0.000000  0.458333  0.520833  0.020833 
 0.604167  0.166667  0.187500  0.041667 
 0.104167  0.083333  0.729167  0.083333 
 0.000000  0.541667  0.166667  0.291667 
 0.354167  0.375000  0.145833  0.125000 
