TGTTAGCCAGGACAGTGACAG
 0.083333  0.000000  0.000000  0.916667 
 0.000000  0.000000  0.916667  0.083333 
 0.000000  0.000000  0.000000  1.000000 
 0.000000  0.000000  0.166667  0.833333 
 0.000000  0.000000  1.000000  0.000000 
 0.000000  0.916667  0.000000  0.083333 
 0.000000  1.000000  0.000000  0.000000 
 0.000000  0.000000  1.000000  0.000000 
 0.000000  0.000000  1.000000  0.000000 
 0.000000  1.000000  0.000000  0.000000 
 0.000000  0.000000  1.000000  0.000000 
 0.000000  0.000000  0.166667  0.833333 
 0.000000  0.000000  1.000000  0.000000 
 0.000000  1.000000  0.000000  0.000000 
 0.000000  0.000000  1.000000  0.000000 
