WWWTHWWWTWWTWWNWWDWDTWTKWWHWW
 0.570732  0.000000  0.000000  0.429268 
 0.280488  0.104878  0.109756  0.504878 
 0.273171  0.087805  0.175610  0.463415 
 0.226829  0.114634  0.065854  0.592683 
 0.287805  0.219512  0.114634  0.378049 
 0.307317  0.107317  0.080488  0.504878 
 0.297561  0.085366  0.121951  0.495122 
 0.285366  0.160976  0.131707  0.421951 
 0.212195  0.014634  0.124390  0.648780 
 0.300000  0.065854  0.134146  0.500000 
 0.363415  0.051220  0.151220  0.434146 
 0.195122  0.090244  0.214634  0.500000 
 0.382927  0.063415  0.021951  0.531707 
 0.502439  0.068293  0.056098  0.373171 
 0.251220  0.197561  0.236585  0.314634 
 0.251220  0.160976  0.104878  0.482927 
 0.463415  0.048780  0.087805  0.400000 
 0.314634  0.095122  0.200000  0.390244 
 0.458537  0.014634  0.104878  0.421951 
 0.290244  0.121951  0.270732  0.317073 
 0.270732  0.146341  0.004878  0.578049 
 0.329268  0.104878  0.063415  0.502439 
 0.219512  0.043902  0.204878  0.531707 
 0.100000  0.063415  0.309756  0.526829 
 0.319512  0.000000  0.100000  0.580488 
 0.480488  0.021951  0.131707  0.365854 
 0.217073  0.280488  0.100000  0.402439 
 0.465854  0.000000  0.000000  0.534146 
 0.443902  0.009756  0.026829  0.519512 
