CCATGTTGGCCAGGCTGGTCTYGAACTCC
 0.000000  1.000000  0.000000  0.000000 
 0.000000  0.916667  0.000000  0.083333 
 0.916667  0.000000  0.083333  0.000000 
 0.000000  0.000000  0.083333  0.916667 
 0.083333  0.000000  0.833333  0.083333 
 0.000000  0.000000  0.000000  1.000000 
 0.000000  0.000000  0.000000  1.000000 
 0.083333  0.083333  0.833333  0.000000 
 0.083333  0.083333  0.750000  0.083333 
 0.000000  0.833333  0.000000  0.166667 
 0.000000  0.916667  0.083333  0.000000 
 0.000000  0.000000  0.916667  0.083333 
 0.000000  0.083333  0.916667  0.000000 
 0.083333  0.916667  0.000000  0.000000 
 0.000000  0.083333  0.000000  0.916667 
 0.083333  0.083333  0.833333  0.000000 
 0.083333  0.083333  0.833333  0.000000 
 0.000000  0.000000  0.000000  1.000000 
 0.000000  0.833333  0.083333  0.083333 
 0.166667  0.000000  0.000000  0.833333 
 0.083333  0.500000  0.000000  0.416667 
 0.250000  0.083333  0.666667  0.000000 
 0.833333  0.000000  0.083333  0.083333 
 0.000000  1.000000  0.000000  0.000000 
 0.000000  0.083333  0.000000  0.916667 
 0.000000  1.000000  0.000000  0.000000 
 0.000000  1.000000  0.000000  0.000000 
