YRAYARCRMRGCCVTCYAKGABMTCTBCHHBCGCABCYYSRAGCWGDYCA
 0.000000  0.347826  0.000000  0.652174 
 0.347826  0.000000  0.652174  0.000000 
 0.695652  0.000000  0.000000  0.304348 
 0.000000  0.652174  0.000000  0.347826 
 0.652174  0.000000  0.347826  0.000000 
 0.000000  0.695652  0.304348  0.000000 
 0.652174  0.000000  0.347826  0.000000 
 0.347826  0.652174  0.000000  0.000000 
 0.652174  0.000000  0.347826  0.000000 
 0.000000  0.000000  1.000000  0.000000 
 0.000000  1.000000  0.000000  0.000000 
 0.000000  0.956522  0.000000  0.043478 
 0.347826  0.347826  0.304348  0.000000 
 0.000000  0.000000  0.000000  1.000000 
 0.000000  1.000000  0.000000  0.000000 
 0.000000  0.347826  0.000000  0.652174 
 0.695652  0.000000  0.304348  0.000000 
 0.000000  0.043478  0.347826  0.608696 
 0.000000  0.000000  1.000000  0.000000 
 0.000000  0.347826  0.347826  0.304348 
 0.652174  0.347826  0.000000  0.000000 
 0.000000  0.000000  0.000000  1.000000 
 0.000000  0.913043  0.043478  0.043478 
 0.000000  0.304348  0.000000  0.695652 
 0.000000  0.304348  0.347826  0.347826 
 0.304348  0.695652  0.000000  0.000000 
 0.347826  0.304348  0.000000  0.347826 
 0.347826  0.304348  0.000000  0.347826 
 0.000000  0.347826  0.347826  0.304348 
 0.043478  0.956522  0.000000  0.000000 
 0.000000  0.000000  1.000000  0.000000 
 0.043478  0.652174  0.000000  0.304348 
 0.695652  0.000000  0.304348  0.000000 
 0.000000  0.347826  0.304348  0.347826 
 0.000000  0.695652  0.000000  0.304348 
 0.000000  0.652174  0.000000  0.347826 
 0.000000  0.347826  0.000000  0.652174 
 0.043478  0.347826  0.608696  0.000000 
 0.652174  0.000000  0.347826  0.000000 
 0.000000  0.000000  1.000000  0.000000 
 0.304348  0.695652  0.000000  0.000000 
 0.347826  0.000000  0.000000  0.652174 
 0.000000  0.000000  1.000000  0.000000 
 0.347826  0.000000  0.304348  0.347826 
 0.000000  0.652174  0.000000  0.347826 
 0.304348  0.695652  0.000000  0.000000 
 0.695652  0.000000  0.304348  0.000000 
