TTTWTTTTTKTWTTT
 0.121107  0.000000  0.000000  0.878893 
 0.186851  0.000000  0.034602  0.778547 
 0.169550  0.013841  0.076125  0.740484 
 0.487889  0.020761  0.000000  0.491349 
 0.276817  0.010381  0.020761  0.692042 
 0.162630  0.055363  0.173010  0.608997 
 0.204152  0.000000  0.062284  0.733564 
 0.259516  0.000000  0.000000  0.740484 
 0.166090  0.006920  0.020761  0.806228 
 0.179931  0.055363  0.370242  0.394464 
 0.176471  0.000000  0.017301  0.806228 
 0.567474  0.000000  0.000000  0.432526 
 0.290657  0.017301  0.062284  0.629758 
 0.314879  0.000000  0.017301  0.667820 
 0.190311  0.000000  0.031142  0.778547 
