CMHSGASGYSRHSGVSDHCRABSASGVSGWSHBCRWCSWGSAGGHSGWVG
 0.012346  0.691358  0.296296  0.000000 
 0.506173  0.283951  0.209877  0.000000 
 0.308642  0.246914  0.000000  0.444444 
 0.000000  0.456790  0.469136  0.074074 
 0.000000  0.061728  0.716049  0.222222 
 0.604938  0.209877  0.049383  0.135802 
 0.000000  0.555556  0.296296  0.148148 
 0.271605  0.135802  0.592593  0.000000 
 0.209877  0.469136  0.024691  0.296296 
 0.098765  0.555556  0.283951  0.061728 
 0.481481  0.123457  0.370370  0.024691 
 0.407407  0.296296  0.024691  0.271605 
 0.012346  0.382716  0.604938  0.000000 
 0.012346  0.148148  0.839506  0.000000 
 0.283951  0.370370  0.234568  0.111111 
 0.123457  0.543210  0.308642  0.024691 
 0.283951  0.049383  0.419753  0.246914 
 0.333333  0.234568  0.111111  0.320988 
 0.111111  0.753086  0.111111  0.024691 
 0.308642  0.037037  0.481481  0.172840 
 0.740741  0.135802  0.086420  0.037037 
 0.000000  0.432099  0.345679  0.222222 
 0.086420  0.320988  0.530864  0.061728 
 0.629630  0.160494  0.049383  0.160494 
 0.000000  0.358025  0.641975  0.000000 
 0.098765  0.148148  0.753086  0.000000 
 0.345679  0.185185  0.308642  0.160494 
 0.024691  0.382716  0.407407  0.185185 
 0.271605  0.148148  0.580247  0.000000 
 0.530864  0.135802  0.049383  0.283951 
 0.024691  0.370370  0.419753  0.185185 
 0.333333  0.185185  0.123457  0.358025 
 0.074074  0.333333  0.333333  0.259259 
 0.000000  0.716049  0.086420  0.197531 
 0.333333  0.024691  0.629630  0.012346 
 0.518519  0.098765  0.111111  0.271605 
 0.037037  0.666667  0.185185  0.111111 
 0.185185  0.345679  0.444444  0.024691 
 0.407407  0.123457  0.000000  0.469136 
 0.000000  0.135802  0.753086  0.111111 
 0.172840  0.395062  0.432099  0.000000 
 0.827160  0.049383  0.037037  0.086420 
 0.000000  0.222222  0.641975  0.135802 
 0.197531  0.135802  0.493827  0.172840 
 0.345679  0.246914  0.049383  0.358025 
 0.012346  0.604938  0.358025  0.024691 
 0.209877  0.148148  0.567901  0.074074 
 0.518519  0.074074  0.098765  0.308642 
 0.271605  0.395062  0.283951  0.049383 
 0.148148  0.246914  0.604938  0.000000 
