GYRGGAGGATYRCYTGAGSYCRGGAGKTBGAGRCYRSMSTGRSCMAMRWK
 0.030303  0.000000  0.939394  0.030303 
 0.030303  0.575758  0.000000  0.393939 
 0.515152  0.000000  0.484848  0.000000 
 0.030303  0.000000  0.969697  0.000000 
 0.030303  0.000000  0.939394  0.030303 
 0.575758  0.151515  0.000000  0.272727 
 0.121212  0.030303  0.848485  0.000000 
 0.303030  0.030303  0.636364  0.030303 
 0.969697  0.000000  0.030303  0.000000 
 0.000000  0.000000  0.000000  1.000000 
 0.000000  0.666667  0.000000  0.333333 
 0.575758  0.000000  0.393939  0.030303 
 0.030303  0.848485  0.000000  0.121212 
 0.000000  0.424242  0.000000  0.575758 
 0.000000  0.000000  0.000000  1.000000 
 0.060606  0.000000  0.939394  0.000000 
 0.272727  0.030303  0.636364  0.060606 
 0.000000  0.545455  0.424242  0.030303 
 0.030303  0.515152  0.000000  0.454545 
 0.000000  0.787879  0.000000  0.212121 
 0.636364  0.000000  0.363636  0.000000 
 0.030303  0.000000  0.969697  0.000000 
 0.030303  0.000000  0.969697  0.000000 
 0.000000  0.000000  0.969697  0.030303 
 0.090909  0.000000  0.303030  0.606061 
 0.000000  0.121212  0.000000  0.878788 
 0.000000  0.363636  0.333333  0.303030 
 0.303030  0.060606  0.636364  0.000000 
 0.909091  0.000000  0.060606  0.030303 
 0.060606  0.000000  0.909091  0.030303 
 0.484848  0.000000  0.484848  0.030303 
 0.030303  0.666667  0.000000  0.303030 
 0.000000  0.545455  0.000000  0.454545 
 0.606061  0.000000  0.333333  0.060606 
 0.000000  0.424242  0.575758  0.000000 
 0.363636  0.575758  0.060606  0.000000 
 0.121212  0.515152  0.303030  0.060606 
 0.030303  0.000000  0.121212  0.848485 
 0.030303  0.000000  0.878788  0.090909 
 0.515152  0.000000  0.484848  0.000000 
 0.090909  0.363636  0.545455  0.000000 
 0.000000  0.939394  0.060606  0.000000 
 0.545455  0.272727  0.030303  0.151515 
 0.696970  0.030303  0.242424  0.030303 
 0.303030  0.454545  0.030303  0.212121 
 0.484848  0.030303  0.424242  0.060606 
 0.363636  0.030303  0.121212  0.484848 
 0.181818  0.000000  0.363636  0.454545 
