AARVARRAANWWGAWVAWNWDAAARAARA
 0.575258  0.177320  0.237113  0.010309 
 0.783505  0.008247  0.006186  0.202062 
 0.441237  0.026804  0.393814  0.138144 
 0.352577  0.224742  0.362887  0.059794 
 0.645361  0.039175  0.035052  0.280412 
 0.529897  0.035052  0.270103  0.164948 
 0.445361  0.074227  0.369072  0.111340 
 0.674227  0.074227  0.098969  0.152577 
 0.560825  0.059794  0.146392  0.232990 
 0.346392  0.177320  0.239175  0.237113 
 0.278351  0.113402  0.051546  0.556701 
 0.385567  0.008247  0.152577  0.453608 
 0.224742  0.150515  0.591753  0.032990 
 0.820619  0.086598  0.014433  0.078351 
 0.476289  0.055670  0.204124  0.263918 
 0.400000  0.210309  0.331959  0.057732 
 0.651546  0.026804  0.049485  0.272165 
 0.478351  0.039175  0.208247  0.274227 
 0.336082  0.197938  0.249485  0.216495 
 0.305155  0.084536  0.055670  0.554639 
 0.278351  0.103093  0.284536  0.334021 
 0.503093  0.220619  0.239175  0.037113 
 0.686598  0.063918  0.037113  0.212371 
 0.567010  0.022680  0.208247  0.202062 
 0.385567  0.109278  0.428866  0.076289 
 0.655670  0.037113  0.078351  0.228866 
 0.523711  0.030928  0.232990  0.212371 
 0.529897  0.063918  0.360825  0.045361 
 0.797938  0.006186  0.024742  0.171134 
