TWTTTTWWWWTTTTTTWTTTW
 0.286598  0.000000  0.000000  0.713402 
 0.253608  0.125773  0.193814  0.426804 
 0.255670  0.000000  0.047423  0.696907 
 0.142268  0.000000  0.000000  0.857732 
 0.117526  0.000000  0.123711  0.758763 
 0.274227  0.026804  0.065979  0.632990 
 0.270103  0.121649  0.187629  0.420619 
 0.459794  0.037113  0.000000  0.503093 
 0.331959  0.117526  0.123711  0.426804 
 0.317526  0.002062  0.055670  0.624742 
 0.105155  0.024742  0.185567  0.684536 
 0.158763  0.000000  0.148454  0.692784 
 0.191753  0.059794  0.117526  0.630928 
 0.146392  0.078351  0.101031  0.674227 
 0.171134  0.142268  0.074227  0.612371 
 0.257732  0.061856  0.018557  0.661856 
 0.352577  0.008247  0.045361  0.593814 
 0.191753  0.053608  0.117526  0.637113 
 0.092784  0.002062  0.049485  0.855670 
 0.249485  0.006186  0.074227  0.670103 
 0.546392  0.002062  0.000000  0.451546 
