TTTTTTTTTTTTTTT
 0.030303  0.075758  0.000000  0.893939 
 0.000000  0.000000  0.303030  0.696970 
 0.045455  0.000000  0.136364  0.818182 
 0.121212  0.000000  0.227273  0.651515 
 0.045455  0.000000  0.212121  0.742424 
 0.196970  0.000000  0.000000  0.803030 
 0.000000  0.030303  0.287879  0.681818 
 0.000000  0.000000  0.000000  1.000000 
 0.000000  0.000000  0.000000  1.000000 
 0.136364  0.090909  0.015152  0.757576 
 0.060606  0.015152  0.075758  0.848485 
 0.000000  0.045455  0.121212  0.833333 
 0.090909  0.000000  0.030303  0.878788 
 0.000000  0.000000  0.030303  0.969697 
 0.196970  0.060606  0.000000  0.742424 
