WGVDGVWGVWGSWGVNSVDGVWGCWGSVS
 0.445000  0.122000  0.152000  0.281000 
 0.000000  0.282000  0.714000  0.004000 
 0.352000  0.286000  0.338000  0.024000 
 0.404000  0.123000  0.215000  0.258000 
 0.049000  0.286000  0.636000  0.029000 
 0.267000  0.324000  0.408000  0.001000 
 0.384000  0.137000  0.162000  0.317000 
 0.008000  0.269000  0.710000  0.013000 
 0.227000  0.339000  0.384000  0.050000 
 0.347000  0.162000  0.146000  0.345000 
 0.024000  0.310000  0.644000  0.022000 
 0.116000  0.552000  0.328000  0.004000 
 0.474000  0.061000  0.080000  0.385000 
 0.014000  0.134000  0.830000  0.022000 
 0.239000  0.257000  0.452000  0.052000 
 0.332000  0.285000  0.193000  0.190000 
 0.066000  0.397000  0.491000  0.046000 
 0.217000  0.376000  0.383000  0.024000 
 0.353000  0.169000  0.184000  0.294000 
 0.061000  0.301000  0.611000  0.027000 
 0.284000  0.278000  0.406000  0.032000 
 0.398000  0.153000  0.160000  0.289000 
 0.018000  0.313000  0.646000  0.023000 
 0.151000  0.657000  0.192000  0.000000 
 0.387000  0.033000  0.004000  0.576000 
 0.000000  0.051000  0.949000  0.000000 
 0.196000  0.279000  0.525000  0.000000 
 0.362000  0.234000  0.252000  0.152000 
 0.020000  0.513000  0.465000  0.002000 
