GAGWKGKSAYAWTTKCAMCAKCCMCWABTGRARAMRAWYTWMWWMMTTYT
 0.058824  0.117647  0.705882  0.117647 
 0.705882  0.000000  0.117647  0.176471 
 0.176471  0.058824  0.705882  0.058824 
 0.411765  0.176471  0.117647  0.294118 
 0.117647  0.000000  0.470588  0.411765 
 0.176471  0.058824  0.588235  0.176471 
 0.058824  0.117647  0.411765  0.411765 
 0.117647  0.411765  0.411765  0.058824 
 0.647059  0.117647  0.176471  0.058824 
 0.058824  0.529412  0.058824  0.352941 
 0.588235  0.235294  0.176471  0.000000 
 0.470588  0.117647  0.058824  0.352941 
 0.058824  0.176471  0.235294  0.529412 
 0.000000  0.000000  0.000000  1.000000 
 0.058824  0.117647  0.352941  0.470588 
 0.176471  0.647059  0.058824  0.117647 
 0.588235  0.235294  0.000000  0.176471 
 0.235294  0.470588  0.176471  0.117647 
 0.235294  0.705882  0.058824  0.000000 
 0.823529  0.058824  0.117647  0.000000 
 0.000000  0.117647  0.352941  0.529412 
 0.117647  0.647059  0.117647  0.117647 
 0.176471  0.529412  0.117647  0.176471 
 0.411765  0.235294  0.176471  0.176471 
 0.058824  0.882353  0.058824  0.000000 
 0.470588  0.000000  0.117647  0.411765 
 0.823529  0.117647  0.058824  0.000000 
 0.117647  0.235294  0.411765  0.235294 
 0.176471  0.000000  0.000000  0.823529 
 0.000000  0.058824  0.764706  0.176471 
 0.588235  0.058824  0.352941  0.000000 
 0.764706  0.000000  0.235294  0.000000 
 0.294118  0.058824  0.588235  0.058824 
 0.647059  0.176471  0.117647  0.058824 
 0.588235  0.294118  0.058824  0.058824 
 0.352941  0.058824  0.529412  0.058824 
 0.764706  0.058824  0.058824  0.117647 
 0.588235  0.058824  0.058824  0.294118 
 0.176471  0.294118  0.058824  0.470588 
 0.176471  0.000000  0.117647  0.705882 
 0.529412  0.000000  0.176471  0.294118 
 0.529412  0.294118  0.117647  0.058824 
 0.352941  0.058824  0.058824  0.529412 
 0.588235  0.058824  0.058824  0.294118 
 0.352941  0.411765  0.176471  0.058824 
 0.411765  0.352941  0.058824  0.176471 
 0.117647  0.117647  0.176471  0.588235 
 0.117647  0.117647  0.176471  0.588235 
 0.058824  0.588235  0.000000  0.352941 
 0.058824  0.117647  0.058824  0.764706 
