GGBGGMDGSGGSNGGGGSKGNGGGSGSWG
 0.173333  0.114286  0.500952  0.211429 
 0.108571  0.232381  0.609524  0.049524 
 0.175238  0.390476  0.228571  0.205714 
 0.156190  0.142857  0.500952  0.200000 
 0.097143  0.281905  0.598095  0.022857 
 0.285714  0.489524  0.211429  0.013333 
 0.310476  0.011429  0.379048  0.299048 
 0.000000  0.036190  0.963810  0.000000 
 0.040000  0.379048  0.390476  0.190476 
 0.255238  0.196190  0.537143  0.011429 
 0.125714  0.249524  0.577143  0.047619 
 0.198095  0.462857  0.278095  0.060952 
 0.251429  0.188571  0.365714  0.194286 
 0.184762  0.123810  0.691429  0.000000 
 0.180952  0.066667  0.565714  0.186667 
 0.219048  0.133333  0.647619  0.000000 
 0.110476  0.146667  0.554286  0.188571 
 0.020952  0.350476  0.436190  0.192381 
 0.062857  0.182857  0.462857  0.291429 
 0.060952  0.255238  0.681905  0.001905 
 0.220952  0.232381  0.316190  0.230476 
 0.203810  0.194286  0.584762  0.017143 
 0.268571  0.070476  0.580952  0.080000 
 0.201905  0.230476  0.476190  0.091429 
 0.131429  0.344762  0.436190  0.087619 
 0.211429  0.152381  0.489524  0.146667 
 0.000000  0.596190  0.382857  0.020952 
 0.350476  0.097143  0.062857  0.489524 
 0.001905  0.217143  0.779048  0.001905 
