NRARVARVARAARRARAMARARRARRARRAARARRARRA
 0.178886  0.196481  0.337243  0.287390 
 0.466276  0.099707  0.337243  0.096774 
 0.536657  0.102639  0.249267  0.111437 
 0.372434  0.082111  0.413490  0.131965 
 0.439883  0.263930  0.296188  0.000000 
 0.774194  0.105572  0.000000  0.120235 
 0.366569  0.096774  0.401760  0.134897 
 0.381232  0.252199  0.263930  0.102639 
 0.642229  0.076246  0.052786  0.228739 
 0.360704  0.173021  0.363636  0.102639 
 0.645161  0.076246  0.240469  0.038123 
 0.662757  0.131965  0.143695  0.061584 
 0.454545  0.087977  0.304985  0.152493 
 0.422287  0.070381  0.507331  0.000000 
 0.868035  0.043988  0.076246  0.011730 
 0.425220  0.211144  0.319648  0.043988 
 0.568915  0.140762  0.255132  0.035191 
 0.492669  0.255132  0.152493  0.099707 
 0.589443  0.090909  0.181818  0.137830 
 0.577713  0.000000  0.422287  0.000000 
 0.700880  0.043988  0.143695  0.111437 
 0.486804  0.064516  0.428152  0.020528 
 0.648094  0.000000  0.351906  0.000000 
 0.765396  0.020528  0.140762  0.073314 
 0.480938  0.196481  0.266862  0.055718 
 0.480938  0.137830  0.357771  0.023460 
 0.733138  0.140762  0.096774  0.029326 
 0.524927  0.143695  0.290323  0.041056 
 0.516129  0.043988  0.360704  0.079179 
 0.630499  0.073314  0.158358  0.137830 
 0.571848  0.131965  0.249267  0.046921 
 0.548387  0.055718  0.334311  0.061584 
 0.730205  0.026393  0.243402  0.000000 
 0.425220  0.000000  0.463343  0.111437 
 0.439883  0.152493  0.390029  0.017595 
 0.709677  0.000000  0.217009  0.073314 
 0.439883  0.067449  0.413490  0.079179 
 0.457478  0.000000  0.480938  0.061584 
 0.551320  0.196481  0.193548  0.058651 
