TTYWVYNWDAARTCAVAYCTYAYTRWACA
 0.000000  0.000000  0.007692  0.992308 
 0.007692  0.000000  0.053846  0.938462 
 0.030769  0.646154  0.000000  0.323077 
 0.492308  0.123077  0.030769  0.353846 
 0.238462  0.276923  0.392308  0.092308 
 0.092308  0.276923  0.123077  0.507692 
 0.307692  0.300000  0.215385  0.176923 
 0.500000  0.053846  0.153846  0.292308 
 0.246154  0.084615  0.415385  0.253846 
 0.876923  0.000000  0.000000  0.123077 
 0.823077  0.100000  0.053846  0.023077 
 0.276923  0.100000  0.438462  0.184615 
 0.192308  0.000000  0.038462  0.769231 
 0.061538  0.638462  0.153846  0.146154 
 0.715385  0.084615  0.053846  0.146154 
 0.353846  0.184615  0.307692  0.153846 
 0.446154  0.207692  0.176923  0.169231 
 0.176923  0.438462  0.100000  0.284615 
 0.046154  0.800000  0.000000  0.153846 
 0.038462  0.000000  0.007692  0.953846 
 0.130769  0.400000  0.007692  0.461538 
 0.769231  0.069231  0.061538  0.100000 
 0.146154  0.430769  0.076923  0.346154 
 0.184615  0.153846  0.000000  0.661538 
 0.361538  0.130769  0.407692  0.100000 
 0.315385  0.115385  0.169231  0.400000 
 0.700000  0.038462  0.146154  0.115385 
 0.061538  0.884615  0.000000  0.053846 
 0.923077  0.038462  0.000000  0.038462 
