RTGTGTGTGTRTGTG
 0.443038  0.000000  0.531646  0.025316 
 0.037975  0.000000  0.025316  0.936709 
 0.088608  0.101266  0.810127  0.000000 
 0.000000  0.000000  0.000000  1.000000 
 0.291139  0.012658  0.696203  0.000000 
 0.000000  0.000000  0.000000  1.000000 
 0.088608  0.000000  0.911392  0.000000 
 0.000000  0.012658  0.012658  0.974684 
 0.253165  0.000000  0.746835  0.000000 
 0.189873  0.088608  0.025316  0.696203 
 0.341772  0.037975  0.518987  0.101266 
 0.050633  0.088608  0.037975  0.822785 
 0.126582  0.000000  0.734177  0.139241 
 0.000000  0.000000  0.000000  1.000000 
 0.139241  0.025316  0.746835  0.088608 
