AWAAAWWWDAWAWADWWRAW
 0.767010  0.008247  0.000000  0.224742 
 0.470103  0.000000  0.072165  0.457732 
 0.734021  0.051546  0.169072  0.045361 
 0.663918  0.039175  0.014433  0.282474 
 0.734021  0.006186  0.032990  0.226804 
 0.437113  0.117526  0.098969  0.346392 
 0.515464  0.055670  0.002062  0.426804 
 0.439175  0.000000  0.026804  0.534021 
 0.367010  0.047423  0.294845  0.290722 
 0.670103  0.082474  0.037113  0.210309 
 0.637113  0.022680  0.004124  0.336082 
 0.630928  0.057732  0.131959  0.179381 
 0.455670  0.078351  0.008247  0.457732 
 0.684536  0.002062  0.024742  0.288660 
 0.338144  0.117526  0.352577  0.191753 
 0.610309  0.014433  0.000000  0.375258 
 0.420619  0.000000  0.051546  0.527835 
 0.519588  0.014433  0.284536  0.181443 
 0.698969  0.024742  0.000000  0.276289 
 0.544330  0.002062  0.047423  0.406186 
