YRYSMRCCACCAYGCCYGGCY
 0.000000  0.615385  0.038462  0.346154 
 0.307692  0.076923  0.500000  0.115385 
 0.000000  0.384615  0.038462  0.576923 
 0.153846  0.307692  0.500000  0.038462 
 0.500000  0.269231  0.000000  0.230769 
 0.346154  0.000000  0.653846  0.000000 
 0.000000  0.961538  0.038462  0.000000 
 0.000000  0.923077  0.000000  0.076923 
 0.000000  0.846154  0.000000  0.153846 
 0.038462  0.846154  0.000000  0.115385 
 0.730769  0.000000  0.269231  0.000000 
 0.000000  0.615385  0.000000  0.384615 
 0.269231  0.000000  0.730769  0.000000 
 0.038462  0.961538  0.000000  0.000000 
 0.000000  0.923077  0.000000  0.076923 
 0.000000  0.653846  0.000000  0.346154 
 0.269231  0.000000  0.692308  0.038462 
 0.076923  0.000000  0.923077  0.000000 
 0.000000  0.961538  0.038462  0.000000 
 0.000000  0.461538  0.000000  0.538462 
