DRAARADRAARAARARRAWVA
 0.463964  0.000000  0.297297  0.238739 
 0.423423  0.049550  0.454955  0.072072 
 0.797297  0.049550  0.063063  0.090090 
 0.621622  0.000000  0.238739  0.139640 
 0.364865  0.067568  0.567568  0.000000 
 0.887387  0.013514  0.036036  0.063063 
 0.459459  0.040541  0.243243  0.256757 
 0.324324  0.108108  0.490991  0.076577 
 0.720721  0.000000  0.094595  0.184685 
 0.621622  0.040541  0.094595  0.243243 
 0.387387  0.126126  0.468468  0.018018 
 0.765766  0.130631  0.099099  0.004505 
 0.594595  0.063063  0.225225  0.117117 
 0.567568  0.000000  0.432432  0.000000 
 0.923423  0.063063  0.004505  0.009009 
 0.536036  0.027027  0.324324  0.112613 
 0.324324  0.000000  0.463964  0.211712 
 0.644144  0.063063  0.004505  0.288288 
 0.445946  0.049550  0.112613  0.391892 
 0.333333  0.198198  0.346847  0.121622 
 0.666667  0.090090  0.045045  0.198198 
