CTCRGGCCGACAGCTCTAGACACTCACAG
 0.000000  1.000000  0.000000  0.000000 
 0.000000  0.000000  0.000000  1.000000 
 0.000000  0.818182  0.000000  0.181818 
 0.545455  0.000000  0.454545  0.000000 
 0.000000  0.000000  0.727273  0.272727 
 0.000000  0.000000  1.000000  0.000000 
 0.000000  1.000000  0.000000  0.000000 
 0.000000  0.636364  0.090909  0.272727 
 0.000000  0.000000  1.000000  0.000000 
 0.909091  0.000000  0.090909  0.000000 
 0.000000  1.000000  0.000000  0.000000 
 0.000000  0.000000  0.727273  0.272727 
 0.000000  1.000000  0.000000  0.000000 
 0.000000  0.000000  0.000000  1.000000 
 0.000000  1.000000  0.000000  0.000000 
 0.000000  0.000000  0.000000  1.000000 
 0.909091  0.000000  0.090909  0.000000 
 0.000000  0.000000  1.000000  0.000000 
 0.000000  1.000000  0.000000  0.000000 
 0.000000  1.000000  0.000000  0.000000 
 0.000000  0.000000  0.000000  1.000000 
 0.000000  1.000000  0.000000  0.000000 
 0.818182  0.000000  0.181818  0.000000 
 0.000000  1.000000  0.000000  0.000000 
 0.909091  0.000000  0.000000  0.090909 
 0.000000  0.000000  1.000000  0.000000 
