WSCWCTSRTGRACAGKCTGMR
 0.500000  0.000000  0.000000  0.500000 
 0.000000  0.500000  0.500000  0.000000 
 0.000000  1.000000  0.000000  0.000000 
 0.454545  0.000000  0.000000  0.545455 
 0.000000  1.000000  0.000000  0.000000 
 0.000000  0.000000  0.000000  1.000000 
 0.045455  0.636364  0.318182  0.000000 
 0.545455  0.000000  0.454545  0.000000 
 0.000000  0.000000  0.000000  1.000000 
 0.045455  0.000000  0.954545  0.000000 
 0.500000  0.000000  0.500000  0.000000 
 0.000000  1.000000  0.000000  0.000000 
 0.000000  0.000000  1.000000  0.000000 
 0.045455  0.045455  0.454545  0.454545 
 0.000000  1.000000  0.000000  0.000000 
 0.000000  0.000000  0.000000  1.000000 
 0.000000  0.000000  1.000000  0.000000 
 0.500000  0.454545  0.000000  0.045455 
 0.318182  0.045455  0.636364  0.000000 
