TWWWTWTTTWWATWTTTWDWW
 0.178147  0.142518  0.002375  0.676960 
 0.434679  0.009501  0.000000  0.555819 
 0.420428  0.071259  0.049881  0.458432 
 0.401425  0.000000  0.073634  0.524941 
 0.154394  0.052257  0.033254  0.760095 
 0.353919  0.045131  0.054632  0.546318 
 0.230404  0.002375  0.083135  0.684086 
 0.247031  0.033254  0.054632  0.665083 
 0.232779  0.078385  0.104513  0.584323 
 0.323040  0.104513  0.149644  0.422803 
 0.344418  0.014252  0.000000  0.641330 
 0.527316  0.052257  0.209026  0.211401 
 0.220903  0.154394  0.061758  0.562945 
 0.358670  0.033254  0.004751  0.603325 
 0.273159  0.052257  0.045131  0.629454 
 0.192399  0.080760  0.152019  0.574822 
 0.144893  0.016627  0.095012  0.743468 
 0.584323  0.000000  0.040380  0.375297 
 0.330166  0.083135  0.228029  0.358670 
 0.427553  0.021378  0.007126  0.543943 
 0.513064  0.002375  0.002375  0.482185 
